150 37
149 36
148 36
147 37
146 37
145 37
144 37
143 37
142 37
141 37
140 37
139 37
138 37
137 37
136 37
135 37
134 37
133 37
132 37
131 37
130 37
129 37
128 37
127 37
126 37
125 37
124 37
123 37
122 37
121 37
120 37
119 37
118 36
117 36
116 36
115 36
114 36
113 36
112 36
111 36
110 36
109 36
108 36
107 36
106 36
105 36
104 36
103 35
102 35
101 35
100 35
99 35
98 35
97 35
96 35
95 35
94 34
93 34
92 34
91 34
90 34
89 34
88 34
87 34
86 34
85 34
84 33
83 33
82 33
81 33
80 33
79 33
78 33
77 33
76 33
75 33
74 33
73 33
72 32
71 32
70 32
69 32
68 32
67 32
66 32
65 32
64 32
63 32
62 32
61 32
60 32
59 33
58 33
57 33
56 33
55 33
54 33
53 33
52 33
51 33
50 33
49 33
48 33
47 33
46 33
45 33
44 33
43 33
42 32
41 32
40 31
39 31
38 31
37 31
36 31
35 31
34 31
33 31
32 30
31 30
30 30
29 30
28 30
27 30
26 30
25 30
24 30
23 30
22 31
21 31
20 31
19 32
18 32
17 33
16 34
15 35
14 36
13 37
12 38
12 39
11 40
11 41
11 42
10 43
10 44
10 45
9 46
9 47
9 48
9 49
9 50
9 51
9 52
9 53
9 54
9 55
9 56
10 57
10 58
10 59
11 60
12 61
12 62
13 63
13 64
14 65
15 66
15 67
16 68
17 69
17 70
18 71
18 72
19 73
20 74
20 75
21 76
21 77
22 78
23 79
23 80
24 81
24 82
25 83
26 84
26 85
27 86
28 87
28 88
29 89
29 90
30 91
31 92
32 93
32 94
33 95
34 96
35 97
35 98
36 99
37 100
38 101
38 102
39 103
40 104
40 105
41 106
42 107
42 108
43 109
44 110
45 111
46 112
46 113
47 114
48 115
49 116
50 117
51 118
51 119
52 120
53 121
54 122
55 123
56 124
56 125
57 126
58 127
59 128
60 129
61 130
62 131
63 132
63 133
64 134
65 135
66 136
67 137
68 138
69 139
70 140
71 141
72 142
72 143
73 144
74 145
75 146
76 147
77 148
78 149
79 150
80 151
81 152
82 153
83 154
84 155
85 156
86 157
87 158
88 159
89 160
90 161
90 162
91 163
92 164
93 164
93 165
94 166
95 166
96 167
97 168
98 169
99 170
100 171
101 172
102 173
103 174
104 175
105 176
106 177
107 178
108 179
109 180
110 181
111 182
112 183
113 184
114 185
115 186
116 187
117 187
118 188
119 189
120 190
121 191
122 192
123 193
124 194
125 194
126 195
127 196
128 197
129 198
130 199
131 199
132 200
133 201
134 202
135 202
136 203
137 204
138 205
139 206
140 207
141 207
142 208
143 209
144 210
145 210
146 211
147 212
148 213
149 213
150 214
151 215
152 215
153 216
154 217
155 217
156 218
157 219
158 220
159 220
160 221
161 222
162 222
163 223
164 223
165 224
166 225
167 225
168 226
169 227
170 227
171 228
172 228
173 229
174 230
175 230
176 231
177 232
178 232
179 233
180 233
181 234
182 234
183 235
184 235
185 236
186 237
187 237
188 238
189 238
190 239
191 239
192 240
193 240
194 241
195 241
196 242
197 242
198 243
199 243
200 244
201 244
202 245
203 245
204 246
205 246
206 247
207 247
208 247
209 247
210 248
211 249
212 249
213 250
214 250
215 250
216 251
217 251
218 252
219 252
220 252
221 253
222 253
223 254
224 254
225 254
226 255
227 255
228 255
229 256
230 256
231 256
232 257
233 257
234 257
235 258
236 258
237 258
238 258
239 259
240 259
241 259
242 260
243 260
244 260
245 260
246 261
247 261
248 261
249 261
250 261
251 261
252 262
253 262
254 262
255 262
256 262
257 262
258 262
259 262
260 262
261 262
262 262
263 262
264 262
265 262
266 262
267 262
268 262
269 262
270 262
271 262
272 262
273 262
274 261
275 261
276 261
277 261
278 261
279 261
280 260
281 260
282 260
283 259
284 258
285 258
286 257
287 256
288 255
289 254
290 253
290 252
291 251
292 250
292 249
293 248
294 247
294 246
295 245
295 244
295 243
295 242
296 241
297 240
297 239
297 238
298 237
298 236
297 235
297 234
298 233
298 232
297 231
298 230
298 229
297 228
298 227
298 226
298 225
298 224
299 223
299 222
299 221
299 220
299 219
299 218
299 217
300 216
300 215
300 214
300 213
300 212
300 211
299 210
299 209
299 208
299 207
298 206
298 205
298 204
298 203
298 202
298 201
297 200
298 199
298 198
298 197
297 196
297 195
296 194
296 193
296 192
296 191
296 190
296 189
296 188
295 187
294 186
294 185
293 184
292 184
292 183
291 182
290 181
290 180
290 179
289 178
289 177
288 176
287 175
287 174
286 173
286 172
286 171
286 170
285 169
285 168
285 167
285 166
284 165
284 164
283 163
283 162
283 161
283 160
283 159
283 158
282 157
282 156
281 155
281 154
280 153
279 152
278 151
277 150
277 149
276 148
276 147
275 146
274 145
274 144
274 143
273 142
272 141
271 140
271 139
271 138
270 137
270 136
271 135
271 134
271 133
271 132
271 131
271 130
271 129
270 128
270 127
269 126
270 125
270 124
270 123
271 122
271 121
270 120
270 119
270 118
270 117
269 116
269 115
268 114
267 113
267 112
267 111
267 110
266 109
266 108
267 107
266 106
266 105
266 104
265 103
265 102
264 101
264 100
263 99
264 98
264 97
263 96
263 95
264 94
265 93
264 92
264 91
264 90
264 89
264 88
264 87
264 86
264 85
263 84
263 83
263 82
263 81
263 80
263 79
262 78
262 77
262 76
261 75
260 74
260 73
260 72
260 71
260 70
259 69
259 68
260 67
260 66
260 65
259 64
259 63
258 62
258 61
258 60
258 59
257 58
257 57
256 56
255 55
254 54
254 53
253 52
253 51
253 50
253 49
252 48
251 47
250 46
249 45
248 44
247 43
246 43
245 42
244 41
243 40
242 40
241 39
240 38
239 38
238 37
237 37
236 37
235 36
234 36
233 35
232 35
231 35
230 35
229 34
228 34
227 34
226 34
225 34
224 34
223 34
222 34
221 33
220 33
219 33
218 33
217 33
216 33
215 33
214 33
213 33
212 33
211 33
210 33
209 33
208 33
207 33
206 33
205 33
204 33
203 33
202 33
201 33
200 33
199 33
198 34
197 34
196 34
195 34
194 34
193 34
192 34
191 34
190 34
189 34
188 34
187 34
186 34
185 34
184 34
183 34
182 34
181 34
180 34
179 35
178 35
177 35
176 35
175 35
174 35
173 35
172 35
171 35
170 35
169 35
168 36
167 36
166 36
165 36
164 36
163 36
162 36
161 36
160 36
159 36
158 36
157 36
156 36
155 36
154 36
153 36
152 37
151 37
150 37
